{"vowels": [
    [2.3, -3.3, -0.8,  1.6, -1.7, -2.7, -7.2, -0.6, -3.9, -4.8, -3.9, -1.0, -1.7, -3.3, -3.9],
    [      2.1, -1.5, -6.6, -1.9, -3.3, -1.5, -3.4, -1.8, -2.0, -4.3, -4.6, -4.5, -3.7, -6.7],
    [            2.2, -1.2, -1.4, -1.4, -0.6, -0.2, -1.7, -0.3, -3.0, -1.0, -0.6, -0.9, -1.5],
    [                  3.1, -1.0, -3.8, -6.5, -1.1, -3.9, -4.2, -6.3, -0.3, -0.4,  1.1, -3.3],
    [                        3.8, -0.3, -6.0, -4.2, -5.7, -6.0, -5.7, -2.0, -2.9, -4.5, -1.4],
    [                              2.5, -4.2, -1.1, -7.0, -1.8, -3.2, -4.3, -1.1, -5.7, -6.4],
    [                                    1.9, -1.2, -1.5,  0.2, -2.1, -7.0, -4.5, -6.1, -4.3],
    [                                          3.9, -5.6, -1.5, -5.5, -1.6, -2.7, -1.3, -2.6],
    [                                                2.5, -3.4, -2.7, -4.4, -4.3, -5.8, -6.5],
    [                                                      2.0, -0.9, -7.1,  0.2, -2.2, -3.7],
    [                                                            2.4, -4.4, -4.2, -5.8, -6.4],
    [                                                                  2.8, -4.0, -2.5, -1.5],
    [                                                                        4.9,  0.1, -3.7],
    [                                                                              2.6, -0.5],
    [                                                                                    3.1]
], "consonants": [
    [4.3, -4.8,  1.1,  0.4, -5.5,  1.9,  1.9, -6.9, -0.3, -0.5, -1.6, -5.5,  0.1, -0.9, -1.6, -4.6, -1.0, -4.3,  2.3,  0.3, -2.5, -0.6, -1.5],
    [      4.2, -1.6, -4.9, -0.3,  0.3,  0.4,  1.5, -6.8, -6.6, -2.8, -5.5,  1.1, -6.7,  0.3,  0.6,  0.9,  1.4, -6.1, -2.0, -2.5, -6.0, -2.6],
    [            2.3, -7.0, -7.6,  0.1,  0.2, -3.1, -1.7, -2.2, -2.2, -3.0, -1.8, -0.9, -9.0, -2.1,  0.2,  0.0, -0.2,  0.0, -4.6, -0.2,  1.2],
    [                  3.5, -5.6, -5.1, -4.2, -0.4, -0.2, -2.0, -7.5, -5.6, -6.2, -1.4, -7.0, -4.8, -0.3,  1.3,  2.8,  1.1, -2.6, -6.0, -3.4],
    [                        3.4, -1.2, -4.9, -0.3, -1.5, -1.3, -3.5, -1.6,  1.1, -2.7,  1.1,  1.2, -0.9,  4.0,  0.6, -7.3, -3.2, -1.4, -2.9],
    [                              4.2,  1.9,  0.0, -0.2, -1.0, -1.9, -5.7, -0.6, -0.8, -2.5, -4.9, -1.1, -4.5,  0.3, -0.3, -2.7, -0.9, -2.8],
    [                                    5.2, -6.3, -1.5,  0.1, -0.5, -4.8, -0.2, -0.3, -0.6,  0.6, -1.1, -3.6,  1.4,  1.0,  4.1, -5.3,  0.5],
    [                                          2.6, -2.9, -2.1, -2.6, -1.3,  1.7, -2.1, -0.7, -0.6,  0.9,  0.5, -1.8, -3.1, -4.7, -1.0, -1.8],
    [                                                2.8, -1.8, -1.8, -2.8, -8.1, -0.5, -2.9, -6.6, -2.9, -6.3, -1.3, -1.6, -4.5,  0.4, -1.0],
    [                                                      2.7,  1.8,  0.7, -3.2, -1.2, -2.9, -1.1, -2.5,  0.4, -0.6, -3.7, -4.2, -0.8, -1.7],
    [                                                            2.2,  1.2, -2.5, -1.0, -2.3, -0.7, -1.5, -0.6, -1.5, -2.1, -5.1, -0.4, -2.3],
    [                                                                  4.1, -6.8, -2.7, -2.3, -5.3, -3.5, -5.0, -2.1, -2.0, -3.2,  0.2, -3.9],
    [                                                                        3.3, -2.0, -1.1, -0.7,  1.1,  0.9, -0.6, -7.9, -3.8, -0.7, -0.8],
    [                                                                              2.8, -2.3, -0.8, -1.2, -6.1, -2.1, -2.2, -4.3,  1.7, -0.7],
    [                                                                                    2.6,  2.4, -1.0,  1.0, -2.4,  0.5,  0.0,  0.6,  0.6],
    [                                                                                          5.2, -0.6, -4.1, -1.3, -0.2,  3.6, -5.8, -7.7],
    [                                                                                                1.7,  1.6, -0.9, -9.2, -5.2,  0.0,  0.7],
    [                                                                                                      4.4,  0.5, -6.1, -2.0, -5.4, -0.6],
    [                                                                                                            2.9, -0.4,  1.6, -1.2, -1.7],
    [                                                                                                                  2.6,  3.0, -1.3,  1.1],
    [                                                                                                                        6.8, -3.7, -5.6]
], "symbols": [
    ["AA", "vowel"],
    ["AE", "vowel"],
    ["AH", "vowel"],
    ["AO", "vowel"],
    ["AW", "vowel"],
    ["AY", "vowel"],
    ["B", "stop"],
    ["CH", "affricate"],
    ["D", "stop"],
    ["DH", "fricative"],
    ["EH", "vowel"],
    ["ER", "vowel"],
    ["EY", "vowel"],
    ["F", "fricative"],
    ["G", "stop"],
    ["HH", "aspirate"],
    ["IH", "vowel"],
    ["IY", "vowel"],
    ["JH", "affricate"],
    ["K", "stop"],
    ["L", "liquid"],
    ["M", "nasal"],
    ["N", "nasal"],
    ["NG", "nasal"],
    ["OW", "vowel"],
    ["OY", "vowel"],
    ["P", "stop"],
    ["R", "liquid"],
    ["S", "fricative"],
    ["SH", "fricative"],
    ["T", "stop"],
    ["TH", "fricative"],
    ["UH", "vowel"],
    ["UW", "vowel"],
    ["V", "fricative"],
    ["W", "semivowel"],
    ["Y", "semivowel"],
    ["Z", "fricative"],
    ["ZH", "fricative"]
], "mapping": {
    "vowel": "vowels",
    "stop": "consonants",
    "affricate": "consonants",
    "fricative": "consonants",
    "liquid": "consonants",
    "nasal": "consonants",
    "aspirate": null,
    "semivowel": null
}, "counts": {
    "stressed": [10243, 15465, 13024, 5447, 3148, 10652, 1445, 1549, 12026, 1638, 15378, 2626, 11937, 3130, 1867, 21, 16200, 11619, 780, 12993, 10659, 8267, 19273, 2956, 8908, 713, 5652, 9141, 12568, 1291, 21178, 892, 3369, 6494, 5038, 39, 18, 8934, 150, 4715, 32336],
    "unstressed": [3886, 8848, 46724, 5359, 1862, 14275, 821, 80, 8240, 31, 3120, 9465, 1264, 1116, 728, 190, 20393, 10938, 358, 4164, 5288, 5244, 22893, 2611, 4389, 22, 1932, 4439, 4745, 116, 13132, 1825, 71, 10588, 2783, 319, 4, 7938, 2, 1297, 50521]
}, "eigenvectors": {
    "consonants": [
        [ 0.17437777,  0.13318595,  0.01285   , -0.3127578 , -0.38246911,  0.18861867, -0.02855921, -0.05613808, -0.31696294, -0.15275789,  0.18854165,  0.27759542,  0.27615912,  0.29733154,  0.10240165,  0.08947803, -0.19902175,  0.07332572, -0.34906157,  0.02738601,  0.28441929],
        [ 0.24344229,  0.07295484, -0.08771838,  0.35697471, -0.38243854, -0.0607425 ,  0.24951301, -0.28464997, -0.16273929,  0.01063031, -0.11606799, -0.03587086, -0.12332014,  0.17515345,  0.17030641, -0.09402141,  0.44372156, -0.02614717, -0.16890802, -0.23338566, -0.3184321 ],
        [ 0.27164721, -0.41266047,  0.02198465,  0.00504146, -0.0070417 , -0.11117101, -0.07477119,  0.25139004, -0.0555955 ,  0.05397702,  0.41191557,  0.06598375, -0.20911447, -0.23874686, -0.09990246, -0.43141991,  0.1747258 , -0.16665314, -0.33885358,  0.0806899 ,  0.13309363],
        [ 0.32966733, -0.36783447,  0.2325805 , -0.00281857,  0.17488448,  0.00573679,  0.13847712, -0.19082122, -0.06516975,  0.01317118, -0.19602319, -0.11174535,  0.05725381,  0.17960512, -0.19765539, -0.03712401,  0.08745086,  0.64052485,  0.08216114,  0.18824463,  0.15584838],
        [ 0.22456705, -0.23396455, -0.28304136, -0.34868847,  0.0259798 , -0.03855364,  0.27327502, -0.22034885, -0.17349545,  0.07713766,  0.25879995, -0.01897994, -0.19961226, -0.26687268,  0.20338155,  0.31704401, -0.24866254,  0.02905124,  0.165823  ,  0.0592105 , -0.34310963],
        [ 0.16719966,  0.03443531,  0.30829743,  0.02361776,  0.21542895,  0.3243431 ,  0.24485697,  0.22571902,  0.01540039, -0.07751848, -0.13587355, -0.31463491,  0.14376782, -0.3018395 ,  0.32985414,  0.3255938 ,  0.15419892, -0.12420522, -0.33992609, -0.00331774,  0.08764652],
        [ 0.10168498, -0.03292476,  0.08283255, -0.38092895, -0.00184388, -0.50312796,  0.04049618, -0.03777305,  0.13146113,  0.12562416, -0.44931828, -0.09254034, -0.23217593,  0.08218907,  0.07373431, -0.02978785, -0.20155981, -0.12994865, -0.25950297, -0.330893  ,  0.18856381],
        [ 0.16409096, -0.00244279, -0.09670912, -0.38189917, -0.37139071, -0.13585225, -0.34687174,  0.17679452,  0.17157473, -0.1676403 , -0.16375801, -0.19233583,  0.30674198, -0.22632882, -0.14990795,  0.0767706 ,  0.33953757,  0.07794945,  0.07314246,  0.13573507, -0.26407809],
        [ 0.28626045,  0.24759231,  0.07093646,  0.15656303,  0.00107374, -0.12277642, -0.45910027, -0.13462839,  0.05054644, -0.11200818,  0.11015056, -0.01437661, -0.49782411,  0.0257831 ,  0.15404076,  0.36335379,  0.1158243 ,  0.01080214,  0.0799215 ,  0.24895976,  0.26390692],
        [ 0.18751341,  0.00470056, -0.26239025,  0.25970711, -0.07328331, -0.06798133, -0.1324489 ,  0.18816318, -0.43780572,  0.09923111, -0.17531984, -0.53249432,  0.1262362 ,  0.08424169,  0.03399427, -0.14309093, -0.3561234 , -0.15632084,  0.09604554,  0.20140947,  0.06370893],
        [ 0.22168935, -0.20271391, -0.05052104, -0.06107573,  0.00812935,  0.30023608, -0.01199758, -0.38100656,  0.50787758, -0.24803941,  0.01310066, -0.1875424 ,  0.07453667,  0.2613308 ,  0.05701936, -0.20076888, -0.13470022, -0.40055064,  0.06652233,  0.11202438,  0.01360503],
        [ 0.32545674,  0.16788222,  0.25913096, -0.05824903,  0.04257097, -0.09604766,  0.19049703,  0.04120551, -0.16927467, -0.01929026, -0.25410895,  0.44535768,  0.12223186, -0.17050063,  0.12380044, -0.22959827,  0.05447742, -0.30218995,  0.44541324,  0.21508451,  0.05824505],
        [ 0.25606324,  0.08230317, -0.00082925,  0.20051323,  0.3767176 , -0.1270017 , -0.36143223, -0.30381347, -0.00259308,  0.19144979, -0.02982966,  0.22954756,  0.37022082, -0.1336061 , -0.10997421,  0.06685236, -0.16155704, -0.04186634, -0.34597052, -0.04428867, -0.30861026],
        [ 0.2192909 ,  0.14326607, -0.06364032,  0.09740166, -0.25319956,  0.08654808,  0.29411118,  0.08212032,  0.26354734,  0.5093853 ,  0.02773046,  0.02620853, -0.00250634, -0.00557587, -0.52171143,  0.29453159, -0.04318987, -0.15386961, -0.02620584,  0.12407902,  0.14840611],
        [ 0.20585392, -0.33475761,  0.1048744 ,  0.19203656,  0.00610519, -0.17479994, -0.0582127 ,  0.48005335,  0.14510485, -0.03345611,  0.13152443,  0.16360591,  0.14618814,  0.42588074,  0.1653516 ,  0.31715099, -0.07173381, -0.06063809,  0.19600002, -0.2453868 , -0.16996354],
        [ 0.1673421 ,  0.21521887,  0.37925188, -0.0633621 ,  0.05785768, -0.00680437,  0.0384594 , -0.04370269, -0.22156386, -0.3615109 ,  0.24178025, -0.24265056, -0.0913361 , -0.02099821, -0.49813843,  0.00936665, -0.11654966, -0.11246586,  0.13443363, -0.39115541, -0.14003572],
        [ 0.16068264,  0.15820595, -0.39938628, -0.04768411,  0.27308441,  0.16436832,  0.1339628 ,  0.32861431,  0.00998161, -0.37119075, -0.28387919,  0.21578386, -0.2931845 ,  0.1686165 , -0.22700275, -0.02155713, -0.02816437,  0.05265025, -0.23094656,  0.15757147, -0.21609509],
        [ 0.15684694,  0.42000508,  0.24724074, -0.14881066, -0.01028431,  0.07260592,  0.00108755,  0.19763351,  0.23877008,  0.30100715,  0.20486143, -0.14345446, -0.11114695,  0.15502976,  0.25269407, -0.35063054, -0.1766998 ,  0.28801397, -0.02643292,  0.10719933, -0.33402328],
        [ 0.06780561,  0.09864505, -0.07030644,  0.35886313, -0.23408313, -0.3118327 ,  0.24309591,  0.01255084,  0.32273071, -0.40084173,  0.07648747,  0.0449965 ,  0.12855302, -0.35573968,  0.07367963, -0.05432712, -0.35362665,  0.26922901, -0.06182602,  0.01421086,  0.12221582],
        [ 0.21177796,  0.28617528, -0.4426753 , -0.12474089,  0.35604749, -0.15264104,  0.12697937,  0.00713658,  0.06975096,  0.03412976,  0.27062837, -0.12770095,  0.2618247 ,  0.0772399 ,  0.08147423, -0.07529849,  0.31317462,  0.07119793,  0.15887044, -0.268615  ,  0.3354752 ],
        [ 0.23690856, -0.0706419 , -0.14894523,  0.05650801, -0.13747152,  0.49391484, -0.27504356,  0.07050531,  0.0457316 ,  0.12316668, -0.20509539,  0.13464511, -0.13630212, -0.28555928,  0.05206855, -0.113579  , -0.14355969,  0.18792677,  0.18416537, -0.52037953,  0.12731789]]
}, "eigenvalues": {
    "consonants": [-38.1220620396183, -13.497235048552625, -8.937283394852367, -7.39296953980572, -6.643318855252834, -1.8179993112918513, -0.7785161617602949, -0.15161253713537054, 0.4281736556461533, 1.2962254800049955, 3.1331372237165933, 4.1650125935291324, 5.040492554114473, 6.119012550887335, 9.479461072151677, 11.606553791677458, 13.3820491235891, 18.265588524568614, 21.105914816230104, 24.74239674543956, 32.37697875671416]
}}

